hind1,hind2,hpair_ind
1,1,1
2,1,2
3,1,3
4,1,4
5,1,5
6,1,6
7,1,7
8,1,8
9,1,9
10,1,10
11,1,11
12,1,12
13,1,13
14,1,14
15,1,15
16,1,16
17,1,17
18,1,18
19,1,19
20,1,20
21,1,21
22,1,22
23,1,23
24,1,24
25,1,25
26,1,26
27,1,27
28,1,28
29,1,29
30,1,30
31,1,31
32,1,32
33,1,33
34,1,34
35,1,35
36,1,36
37,1,37
38,1,38
39,1,39
40,1,40
41,1,41
42,1,42
43,1,43
44,1,44
45,1,45
46,1,46
47,1,47
48,1,48
49,1,49
50,1,50
51,1,51
52,1,52
53,1,53
54,1,54
55,1,55
56,1,56
57,1,57
58,1,58
59,1,59
60,1,60
61,1,61
62,1,62
63,1,63
64,1,64
65,1,65
66,1,66
67,1,67
68,1,68
69,1,69
70,1,70
71,1,71
72,1,72
73,1,73
74,1,74
75,1,75
76,1,76
77,1,77
78,1,78
79,1,79
80,1,80
81,1,81
82,1,82
83,1,83
84,1,84
85,1,85
86,1,86
87,1,87
88,1,88
89,1,89
90,1,90
91,1,91
92,1,92
93,1,93
94,1,94
95,1,95
96,1,96
97,1,97
98,1,98
99,1,99
100,1,100
101,1,101
102,1,102
103,1,103
104,1,104
105,1,105
106,1,106
107,1,107
108,1,108
109,1,109
110,1,110
111,1,111
1,2,2
2,2,112
3,2,113
4,2,114
5,2,115
6,2,116
7,2,117
8,2,118
9,2,119
10,2,120
11,2,121
12,2,122
13,2,123
14,2,124
15,2,125
16,2,126
17,2,127
18,2,128
19,2,129
20,2,130
21,2,131
22,2,132
23,2,133
24,2,134
25,2,135
26,2,136
27,2,137
28,2,138
29,2,139
30,2,140
31,2,141
32,2,142
33,2,143
34,2,144
35,2,145
36,2,146
37,2,147
38,2,148
39,2,149
40,2,150
41,2,151
42,2,152
43,2,153
44,2,154
45,2,155
46,2,156
47,2,157
48,2,158
49,2,159
50,2,160
51,2,161
52,2,162
53,2,163
54,2,164
55,2,165
56,2,166
57,2,167
58,2,168
59,2,169
60,2,170
61,2,171
62,2,172
63,2,173
64,2,174
65,2,175
66,2,176
67,2,177
68,2,178
69,2,179
70,2,180
71,2,181
72,2,182
73,2,183
74,2,184
75,2,185
76,2,186
77,2,187
78,2,188
79,2,189
80,2,190
81,2,191
82,2,192
83,2,193
84,2,194
85,2,195
86,2,196
87,2,197
88,2,198
89,2,199
90,2,200
91,2,201
92,2,202
93,2,203
94,2,204
95,2,205
96,2,206
97,2,207
98,2,208
99,2,209
100,2,210
101,2,211
102,2,212
103,2,213
104,2,214
105,2,215
106,2,216
107,2,217
108,2,218
109,2,219
110,2,220
111,2,221
1,3,3
2,3,113
3,3,222
4,3,223
5,3,224
6,3,225
7,3,226
8,3,227
9,3,228
10,3,229
11,3,230
12,3,231
13,3,232
14,3,233
15,3,234
16,3,235
17,3,236
18,3,237
19,3,238
20,3,239
21,3,240
22,3,241
23,3,242
24,3,243
25,3,244
26,3,245
27,3,246
28,3,247
29,3,248
30,3,249
31,3,250
32,3,251
33,3,252
34,3,253
35,3,254
36,3,255
37,3,256
38,3,257
39,3,258
40,3,259
41,3,260
42,3,261
43,3,262
44,3,263
45,3,264
46,3,265
47,3,266
48,3,267
49,3,268
50,3,269
51,3,270
52,3,271
53,3,272
54,3,273
55,3,274
56,3,275
57,3,276
58,3,277
59,3,278
60,3,279
61,3,280
62,3,281
63,3,282
64,3,283
65,3,284
66,3,285
67,3,286
68,3,287
69,3,288
70,3,289
71,3,290
72,3,291
73,3,292
74,3,293
75,3,294
76,3,295
77,3,296
78,3,297
79,3,298
80,3,299
81,3,300
82,3,301
83,3,302
84,3,303
85,3,304
86,3,305
87,3,306
88,3,307
89,3,308
90,3,309
91,3,310
92,3,311
93,3,312
94,3,313
95,3,314
96,3,315
97,3,316
98,3,317
99,3,318
100,3,319
101,3,320
102,3,321
103,3,322
104,3,323
105,3,324
106,3,325
107,3,326
108,3,327
109,3,328
110,3,329
111,3,330
1,4,4
2,4,114
3,4,223
4,4,331
5,4,332
6,4,333
7,4,334
8,4,335
9,4,336
10,4,337
11,4,338
12,4,339
13,4,340
14,4,341
15,4,342
16,4,343
17,4,344
18,4,345
19,4,346
20,4,347
21,4,348
22,4,349
23,4,350
24,4,351
25,4,352
26,4,353
27,4,354
28,4,355
29,4,356
30,4,357
31,4,358
32,4,359
33,4,360
34,4,361
35,4,362
36,4,363
37,4,364
38,4,365
39,4,366
40,4,367
41,4,368
42,4,369
43,4,370
44,4,371
45,4,372
46,4,373
47,4,374
48,4,375
49,4,376
50,4,377
51,4,378
52,4,379
53,4,380
54,4,381
55,4,382
56,4,383
57,4,384
58,4,385
59,4,386
60,4,387
61,4,388
62,4,389
63,4,390
64,4,391
65,4,392
66,4,393
67,4,394
68,4,395
69,4,396
70,4,397
71,4,398
72,4,399
73,4,400
74,4,401
75,4,402
76,4,403
77,4,404
78,4,405
79,4,406
80,4,407
81,4,408
82,4,409
83,4,410
84,4,411
85,4,412
86,4,413
87,4,414
88,4,415
89,4,416
90,4,417
91,4,418
92,4,419
93,4,420
94,4,421
95,4,422
96,4,423
97,4,424
98,4,425
99,4,426
100,4,427
101,4,428
102,4,429
103,4,430
104,4,431
105,4,432
106,4,433
107,4,434
108,4,435
109,4,436
110,4,437
111,4,438
1,5,5
2,5,115
3,5,224
4,5,332
5,5,439
6,5,440
7,5,441
8,5,442
9,5,443
10,5,444
11,5,445
12,5,446
13,5,447
14,5,448
15,5,449
16,5,450
17,5,451
18,5,452
19,5,453
20,5,454
21,5,455
22,5,456
23,5,457
24,5,458
25,5,459
26,5,460
27,5,461
28,5,462
29,5,463
30,5,464
31,5,465
32,5,466
33,5,467
34,5,468
35,5,469
36,5,470
37,5,471
38,5,472
39,5,473
40,5,474
41,5,475
42,5,476
43,5,477
44,5,478
45,5,479
46,5,480
47,5,481
48,5,482
49,5,483
50,5,484
51,5,485
52,5,486
53,5,487
54,5,488
55,5,489
56,5,490
57,5,491
58,5,492
59,5,493
60,5,494
61,5,495
62,5,496
63,5,497
64,5,498
65,5,499
66,5,500
67,5,501
68,5,502
69,5,503
70,5,504
71,5,505
72,5,506
73,5,507
74,5,508
75,5,509
76,5,510
77,5,511
78,5,512
79,5,513
80,5,514
81,5,515
82,5,516
83,5,517
84,5,518
85,5,519
86,5,520
87,5,521
88,5,522
89,5,523
90,5,524
91,5,525
92,5,526
93,5,527
94,5,528
95,5,529
96,5,530
97,5,531
98,5,532
99,5,533
100,5,534
101,5,535
102,5,536
103,5,537
104,5,538
105,5,539
106,5,540
107,5,541
108,5,542
109,5,543
110,5,544
111,5,545
1,6,6
2,6,116
3,6,225
4,6,333
5,6,440
6,6,546
7,6,547
8,6,548
9,6,549
10,6,550
11,6,551
12,6,552
13,6,553
14,6,554
15,6,555
16,6,556
17,6,557
18,6,558
19,6,559
20,6,560
21,6,561
22,6,562
23,6,563
24,6,564
25,6,565
26,6,566
27,6,567
28,6,568
29,6,569
30,6,570
31,6,571
32,6,572
33,6,573
34,6,574
35,6,575
36,6,576
37,6,577
38,6,578
39,6,579
40,6,580
41,6,581
42,6,582
43,6,583
44,6,584
45,6,585
46,6,586
47,6,587
48,6,588
49,6,589
50,6,590
51,6,591
52,6,592
53,6,593
54,6,594
55,6,595
56,6,596
57,6,597
58,6,598
59,6,599
60,6,600
61,6,601
62,6,602
63,6,603
64,6,604
65,6,605
66,6,606
67,6,607
68,6,608
69,6,609
70,6,610
71,6,611
72,6,612
73,6,613
74,6,614
75,6,615
76,6,616
77,6,617
78,6,618
79,6,619
80,6,620
81,6,621
82,6,622
83,6,623
84,6,624
85,6,625
86,6,626
87,6,627
88,6,628
89,6,629
90,6,630
91,6,631
92,6,632
93,6,633
94,6,634
95,6,635
96,6,636
97,6,637
98,6,638
99,6,639
100,6,640
101,6,641
102,6,642
103,6,643
104,6,644
105,6,645
106,6,646
107,6,647
108,6,648
109,6,649
110,6,650
111,6,651
1,7,7
2,7,117
3,7,226
4,7,334
5,7,441
6,7,547
7,7,652
8,7,653
9,7,654
10,7,655
11,7,656
12,7,657
13,7,658
14,7,659
15,7,660
16,7,661
17,7,662
18,7,663
19,7,664
20,7,665
21,7,666
22,7,667
23,7,668
24,7,669
25,7,670
26,7,671
27,7,672
28,7,673
29,7,674
30,7,675
31,7,676
32,7,677
33,7,678
34,7,679
35,7,680
36,7,681
37,7,682
38,7,683
39,7,684
40,7,685
41,7,686
42,7,687
43,7,688
44,7,689
45,7,690
46,7,691
47,7,692
48,7,693
49,7,694
50,7,695
51,7,696
52,7,697
53,7,698
54,7,699
55,7,700
56,7,701
57,7,702
58,7,703
59,7,704
60,7,705
61,7,706
62,7,707
63,7,708
64,7,709
65,7,710
66,7,711
67,7,712
68,7,713
69,7,714
70,7,715
71,7,716
72,7,717
73,7,718
74,7,719
75,7,720
76,7,721
77,7,722
78,7,723
79,7,724
80,7,725
81,7,726
82,7,727
83,7,728
84,7,729
85,7,730
86,7,731
87,7,732
88,7,733
89,7,734
90,7,735
91,7,736
92,7,737
93,7,738
94,7,739
95,7,740
96,7,741
97,7,742
98,7,743
99,7,744
100,7,745
101,7,746
102,7,747
103,7,748
104,7,749
105,7,750
106,7,751
107,7,752
108,7,753
109,7,754
110,7,755
111,7,756
1,8,8
2,8,118
3,8,227
4,8,335
5,8,442
6,8,548
7,8,653
8,8,757
9,8,758
10,8,759
11,8,760
12,8,761
13,8,762
14,8,763
15,8,764
16,8,765
17,8,766
18,8,767
19,8,768
20,8,769
21,8,770
22,8,771
23,8,772
24,8,773
25,8,774
26,8,775
27,8,776
28,8,777
29,8,778
30,8,779
31,8,780
32,8,781
33,8,782
34,8,783
35,8,784
36,8,785
37,8,786
38,8,787
39,8,788
40,8,789
41,8,790
42,8,791
43,8,792
44,8,793
45,8,794
46,8,795
47,8,796
48,8,797
49,8,798
50,8,799
51,8,800
52,8,801
53,8,802
54,8,803
55,8,804
56,8,805
57,8,806
58,8,807
59,8,808
60,8,809
61,8,810
62,8,811
63,8,812
64,8,813
65,8,814
66,8,815
67,8,816
68,8,817
69,8,818
70,8,819
71,8,820
72,8,821
73,8,822
74,8,823
75,8,824
76,8,825
77,8,826
78,8,827
79,8,828
80,8,829
81,8,830
82,8,831
83,8,832
84,8,833
85,8,834
86,8,835
87,8,836
88,8,837
89,8,838
90,8,839
91,8,840
92,8,841
93,8,842
94,8,843
95,8,844
96,8,845
97,8,846
98,8,847
99,8,848
100,8,849
101,8,850
102,8,851
103,8,852
104,8,853
105,8,854
106,8,855
107,8,856
108,8,857
109,8,858
110,8,859
111,8,860
1,9,9
2,9,119
3,9,228
4,9,336
5,9,443
6,9,549
7,9,654
8,9,758
9,9,861
10,9,862
11,9,863
12,9,864
13,9,865
14,9,866
15,9,867
16,9,868
17,9,869
18,9,870
19,9,871
20,9,872
21,9,873
22,9,874
23,9,875
24,9,876
25,9,877
26,9,878
27,9,879
28,9,880
29,9,881
30,9,882
31,9,883
32,9,884
33,9,885
34,9,886
35,9,887
36,9,888
37,9,889
38,9,890
39,9,891
40,9,892
41,9,893
42,9,894
43,9,895
44,9,896
45,9,897
46,9,898
47,9,899
48,9,900
49,9,901
50,9,902
51,9,903
52,9,904
53,9,905
54,9,906
55,9,907
56,9,908
57,9,909
58,9,910
59,9,911
60,9,912
61,9,913
62,9,914
63,9,915
64,9,916
65,9,917
66,9,918
67,9,919
68,9,920
69,9,921
70,9,922
71,9,923
72,9,924
73,9,925
74,9,926
75,9,927
76,9,928
77,9,929
78,9,930
79,9,931
80,9,932
81,9,933
82,9,934
83,9,935
84,9,936
85,9,937
86,9,938
87,9,939
88,9,940
89,9,941
90,9,942
91,9,943
92,9,944
93,9,945
94,9,946
95,9,947
96,9,948
97,9,949
98,9,950
99,9,951
100,9,952
101,9,953
102,9,954
103,9,955
104,9,956
105,9,957
106,9,958
107,9,959
108,9,960
109,9,961
110,9,962
111,9,963
1,10,10
2,10,120
3,10,229
4,10,337
5,10,444
6,10,550
7,10,655
8,10,759
9,10,862
10,10,964
11,10,965
12,10,966
13,10,967
14,10,968
15,10,969
16,10,970
17,10,971
18,10,972
19,10,973
20,10,974
21,10,975
22,10,976
23,10,977
24,10,978
25,10,979
26,10,980
27,10,981
28,10,982
29,10,983
30,10,984
31,10,985
32,10,986
33,10,987
34,10,988
35,10,989
36,10,990
37,10,991
38,10,992
39,10,993
40,10,994
41,10,995
42,10,996
43,10,997
44,10,998
45,10,999
46,10,1000
47,10,1001
48,10,1002
49,10,1003
50,10,1004
51,10,1005
52,10,1006
53,10,1007
54,10,1008
55,10,1009
56,10,1010
57,10,1011
58,10,1012
59,10,1013
60,10,1014
61,10,1015
62,10,1016
63,10,1017
64,10,1018
65,10,1019
66,10,1020
67,10,1021
68,10,1022
69,10,1023
70,10,1024
71,10,1025
72,10,1026
73,10,1027
74,10,1028
75,10,1029
76,10,1030
77,10,1031
78,10,1032
79,10,1033
80,10,1034
81,10,1035
82,10,1036
83,10,1037
84,10,1038
85,10,1039
86,10,1040
87,10,1041
88,10,1042
89,10,1043
90,10,1044
91,10,1045
92,10,1046
93,10,1047
94,10,1048
95,10,1049
96,10,1050
97,10,1051
98,10,1052
99,10,1053
100,10,1054
101,10,1055
102,10,1056
103,10,1057
104,10,1058
105,10,1059
106,10,1060
107,10,1061
108,10,1062
109,10,1063
110,10,1064
111,10,1065
1,11,11
2,11,121
3,11,230
4,11,338
5,11,445
6,11,551
7,11,656
8,11,760
9,11,863
10,11,965
11,11,1066
12,11,1067
13,11,1068
14,11,1069
15,11,1070
16,11,1071
17,11,1072
18,11,1073
19,11,1074
20,11,1075
21,11,1076
22,11,1077
23,11,1078
24,11,1079
25,11,1080
26,11,1081
27,11,1082
28,11,1083
29,11,1084
30,11,1085
31,11,1086
32,11,1087
33,11,1088
34,11,1089
35,11,1090
36,11,1091
37,11,1092
38,11,1093
39,11,1094
40,11,1095
41,11,1096
42,11,1097
43,11,1098
44,11,1099
45,11,1100
46,11,1101
47,11,1102
48,11,1103
49,11,1104
50,11,1105
51,11,1106
52,11,1107
53,11,1108
54,11,1109
55,11,1110
56,11,1111
57,11,1112
58,11,1113
59,11,1114
60,11,1115
61,11,1116
62,11,1117
63,11,1118
64,11,1119
65,11,1120
66,11,1121
67,11,1122
68,11,1123
69,11,1124
70,11,1125
71,11,1126
72,11,1127
73,11,1128
74,11,1129
75,11,1130
76,11,1131
77,11,1132
78,11,1133
79,11,1134
80,11,1135
81,11,1136
82,11,1137
83,11,1138
84,11,1139
85,11,1140
86,11,1141
87,11,1142
88,11,1143
89,11,1144
90,11,1145
91,11,1146
92,11,1147
93,11,1148
94,11,1149
95,11,1150
96,11,1151
97,11,1152
98,11,1153
99,11,1154
100,11,1155
101,11,1156
102,11,1157
103,11,1158
104,11,1159
105,11,1160
106,11,1161
107,11,1162
108,11,1163
109,11,1164
110,11,1165
111,11,1166
1,12,12
2,12,122
3,12,231
4,12,339
5,12,446
6,12,552
7,12,657
8,12,761
9,12,864
10,12,966
11,12,1067
12,12,1167
13,12,1168
14,12,1169
15,12,1170
16,12,1171
17,12,1172
18,12,1173
19,12,1174
20,12,1175
21,12,1176
22,12,1177
23,12,1178
24,12,1179
25,12,1180
26,12,1181
27,12,1182
28,12,1183
29,12,1184
30,12,1185
31,12,1186
32,12,1187
33,12,1188
34,12,1189
35,12,1190
36,12,1191
37,12,1192
38,12,1193
39,12,1194
40,12,1195
41,12,1196
42,12,1197
43,12,1198
44,12,1199
45,12,1200
46,12,1201
47,12,1202
48,12,1203
49,12,1204
50,12,1205
51,12,1206
52,12,1207
53,12,1208
54,12,1209
55,12,1210
56,12,1211
57,12,1212
58,12,1213
59,12,1214
60,12,1215
61,12,1216
62,12,1217
63,12,1218
64,12,1219
65,12,1220
66,12,1221
67,12,1222
68,12,1223
69,12,1224
70,12,1225
71,12,1226
72,12,1227
73,12,1228
74,12,1229
75,12,1230
76,12,1231
77,12,1232
78,12,1233
79,12,1234
80,12,1235
81,12,1236
82,12,1237
83,12,1238
84,12,1239
85,12,1240
86,12,1241
87,12,1242
88,12,1243
89,12,1244
90,12,1245
91,12,1246
92,12,1247
93,12,1248
94,12,1249
95,12,1250
96,12,1251
97,12,1252
98,12,1253
99,12,1254
100,12,1255
101,12,1256
102,12,1257
103,12,1258
104,12,1259
105,12,1260
106,12,1261
107,12,1262
108,12,1263
109,12,1264
110,12,1265
111,12,1266
1,13,13
2,13,123
3,13,232
4,13,340
5,13,447
6,13,553
7,13,658
8,13,762
9,13,865
10,13,967
11,13,1068
12,13,1168
13,13,1267
14,13,1268
15,13,1269
16,13,1270
17,13,1271
18,13,1272
19,13,1273
20,13,1274
21,13,1275
22,13,1276
23,13,1277
24,13,1278
25,13,1279
26,13,1280
27,13,1281
28,13,1282
29,13,1283
30,13,1284
31,13,1285
32,13,1286
33,13,1287
34,13,1288
35,13,1289
36,13,1290
37,13,1291
38,13,1292
39,13,1293
40,13,1294
41,13,1295
42,13,1296
43,13,1297
44,13,1298
45,13,1299
46,13,1300
47,13,1301
48,13,1302
49,13,1303
50,13,1304
51,13,1305
52,13,1306
53,13,1307
54,13,1308
55,13,1309
56,13,1310
57,13,1311
58,13,1312
59,13,1313
60,13,1314
61,13,1315
62,13,1316
63,13,1317
64,13,1318
65,13,1319
66,13,1320
67,13,1321
68,13,1322
69,13,1323
70,13,1324
71,13,1325
72,13,1326
73,13,1327
74,13,1328
75,13,1329
76,13,1330
77,13,1331
78,13,1332
79,13,1333
80,13,1334
81,13,1335
82,13,1336
83,13,1337
84,13,1338
85,13,1339
86,13,1340
87,13,1341
88,13,1342
89,13,1343
90,13,1344
91,13,1345
92,13,1346
93,13,1347
94,13,1348
95,13,1349
96,13,1350
97,13,1351
98,13,1352
99,13,1353
100,13,1354
101,13,1355
102,13,1356
103,13,1357
104,13,1358
105,13,1359
106,13,1360
107,13,1361
108,13,1362
109,13,1363
110,13,1364
111,13,1365
1,14,14
2,14,124
3,14,233
4,14,341
5,14,448
6,14,554
7,14,659
8,14,763
9,14,866
10,14,968
11,14,1069
12,14,1169
13,14,1268
14,14,1366
15,14,1367
16,14,1368
17,14,1369
18,14,1370
19,14,1371
20,14,1372
21,14,1373
22,14,1374
23,14,1375
24,14,1376
25,14,1377
26,14,1378
27,14,1379
28,14,1380
29,14,1381
30,14,1382
31,14,1383
32,14,1384
33,14,1385
34,14,1386
35,14,1387
36,14,1388
37,14,1389
38,14,1390
39,14,1391
40,14,1392
41,14,1393
42,14,1394
43,14,1395
44,14,1396
45,14,1397
46,14,1398
47,14,1399
48,14,1400
49,14,1401
50,14,1402
51,14,1403
52,14,1404
53,14,1405
54,14,1406
55,14,1407
56,14,1408
57,14,1409
58,14,1410
59,14,1411
60,14,1412
61,14,1413
62,14,1414
63,14,1415
64,14,1416
65,14,1417
66,14,1418
67,14,1419
68,14,1420
69,14,1421
70,14,1422
71,14,1423
72,14,1424
73,14,1425
74,14,1426
75,14,1427
76,14,1428
77,14,1429
78,14,1430
79,14,1431
80,14,1432
81,14,1433
82,14,1434
83,14,1435
84,14,1436
85,14,1437
86,14,1438
87,14,1439
88,14,1440
89,14,1441
90,14,1442
91,14,1443
92,14,1444
93,14,1445
94,14,1446
95,14,1447
96,14,1448
97,14,1449
98,14,1450
99,14,1451
100,14,1452
101,14,1453
102,14,1454
103,14,1455
104,14,1456
105,14,1457
106,14,1458
107,14,1459
108,14,1460
109,14,1461
110,14,1462
111,14,1463
1,15,15
2,15,125
3,15,234
4,15,342
5,15,449
6,15,555
7,15,660
8,15,764
9,15,867
10,15,969
11,15,1070
12,15,1170
13,15,1269
14,15,1367
15,15,1464
16,15,1465
17,15,1466
18,15,1467
19,15,1468
20,15,1469
21,15,1470
22,15,1471
23,15,1472
24,15,1473
25,15,1474
26,15,1475
27,15,1476
28,15,1477
29,15,1478
30,15,1479
31,15,1480
32,15,1481
33,15,1482
34,15,1483
35,15,1484
36,15,1485
37,15,1486
38,15,1487
39,15,1488
40,15,1489
41,15,1490
42,15,1491
43,15,1492
44,15,1493
45,15,1494
46,15,1495
47,15,1496
48,15,1497
49,15,1498
50,15,1499
51,15,1500
52,15,1501
53,15,1502
54,15,1503
55,15,1504
56,15,1505
57,15,1506
58,15,1507
59,15,1508
60,15,1509
61,15,1510
62,15,1511
63,15,1512
64,15,1513
65,15,1514
66,15,1515
67,15,1516
68,15,1517
69,15,1518
70,15,1519
71,15,1520
72,15,1521
73,15,1522
74,15,1523
75,15,1524
76,15,1525
77,15,1526
78,15,1527
79,15,1528
80,15,1529
81,15,1530
82,15,1531
83,15,1532
84,15,1533
85,15,1534
86,15,1535
87,15,1536
88,15,1537
89,15,1538
90,15,1539
91,15,1540
92,15,1541
93,15,1542
94,15,1543
95,15,1544
96,15,1545
97,15,1546
98,15,1547
99,15,1548
100,15,1549
101,15,1550
102,15,1551
103,15,1552
104,15,1553
105,15,1554
106,15,1555
107,15,1556
108,15,1557
109,15,1558
110,15,1559
111,15,1560
1,16,16
2,16,126
3,16,235
4,16,343
5,16,450
6,16,556
7,16,661
8,16,765
9,16,868
10,16,970
11,16,1071
12,16,1171
13,16,1270
14,16,1368
15,16,1465
16,16,1561
17,16,1562
18,16,1563
19,16,1564
20,16,1565
21,16,1566
22,16,1567
23,16,1568
24,16,1569
25,16,1570
26,16,1571
27,16,1572
28,16,1573
29,16,1574
30,16,1575
31,16,1576
32,16,1577
33,16,1578
34,16,1579
35,16,1580
36,16,1581
37,16,1582
38,16,1583
39,16,1584
40,16,1585
41,16,1586
42,16,1587
43,16,1588
44,16,1589
45,16,1590
46,16,1591
47,16,1592
48,16,1593
49,16,1594
50,16,1595
51,16,1596
52,16,1597
53,16,1598
54,16,1599
55,16,1600
56,16,1601
57,16,1602
58,16,1603
59,16,1604
60,16,1605
61,16,1606
62,16,1607
63,16,1608
64,16,1609
65,16,1610
66,16,1611
67,16,1612
68,16,1613
69,16,1614
70,16,1615
71,16,1616
72,16,1617
73,16,1618
74,16,1619
75,16,1620
76,16,1621
77,16,1622
78,16,1623
79,16,1624
80,16,1625
81,16,1626
82,16,1627
83,16,1628
84,16,1629
85,16,1630
86,16,1631
87,16,1632
88,16,1633
89,16,1634
90,16,1635
91,16,1636
92,16,1637
93,16,1638
94,16,1639
95,16,1640
96,16,1641
97,16,1642
98,16,1643
99,16,1644
100,16,1645
101,16,1646
102,16,1647
103,16,1648
104,16,1649
105,16,1650
106,16,1651
107,16,1652
108,16,1653
109,16,1654
110,16,1655
111,16,1656
1,17,17
2,17,127
3,17,236
4,17,344
5,17,451
6,17,557
7,17,662
8,17,766
9,17,869
10,17,971
11,17,1072
12,17,1172
13,17,1271
14,17,1369
15,17,1466
16,17,1562
17,17,1657
18,17,1658
19,17,1659
20,17,1660
21,17,1661
22,17,1662
23,17,1663
24,17,1664
25,17,1665
26,17,1666
27,17,1667
28,17,1668
29,17,1669
30,17,1670
31,17,1671
32,17,1672
33,17,1673
34,17,1674
35,17,1675
36,17,1676
37,17,1677
38,17,1678
39,17,1679
40,17,1680
41,17,1681
42,17,1682
43,17,1683
44,17,1684
45,17,1685
46,17,1686
47,17,1687
48,17,1688
49,17,1689
50,17,1690
51,17,1691
52,17,1692
53,17,1693
54,17,1694
55,17,1695
56,17,1696
57,17,1697
58,17,1698
59,17,1699
60,17,1700
61,17,1701
62,17,1702
63,17,1703
64,17,1704
65,17,1705
66,17,1706
67,17,1707
68,17,1708
69,17,1709
70,17,1710
71,17,1711
72,17,1712
73,17,1713
74,17,1714
75,17,1715
76,17,1716
77,17,1717
78,17,1718
79,17,1719
80,17,1720
81,17,1721
82,17,1722
83,17,1723
84,17,1724
85,17,1725
86,17,1726
87,17,1727
88,17,1728
89,17,1729
90,17,1730
91,17,1731
92,17,1732
93,17,1733
94,17,1734
95,17,1735
96,17,1736
97,17,1737
98,17,1738
99,17,1739
100,17,1740
101,17,1741
102,17,1742
103,17,1743
104,17,1744
105,17,1745
106,17,1746
107,17,1747
108,17,1748
109,17,1749
110,17,1750
111,17,1751
1,18,18
2,18,128
3,18,237
4,18,345
5,18,452
6,18,558
7,18,663
8,18,767
9,18,870
10,18,972
11,18,1073
12,18,1173
13,18,1272
14,18,1370
15,18,1467
16,18,1563
17,18,1658
18,18,1752
19,18,1753
20,18,1754
21,18,1755
22,18,1756
23,18,1757
24,18,1758
25,18,1759
26,18,1760
27,18,1761
28,18,1762
29,18,1763
30,18,1764
31,18,1765
32,18,1766
33,18,1767
34,18,1768
35,18,1769
36,18,1770
37,18,1771
38,18,1772
39,18,1773
40,18,1774
41,18,1775
42,18,1776
43,18,1777
44,18,1778
45,18,1779
46,18,1780
47,18,1781
48,18,1782
49,18,1783
50,18,1784
51,18,1785
52,18,1786
53,18,1787
54,18,1788
55,18,1789
56,18,1790
57,18,1791
58,18,1792
59,18,1793
60,18,1794
61,18,1795
62,18,1796
63,18,1797
64,18,1798
65,18,1799
66,18,1800
67,18,1801
68,18,1802
69,18,1803
70,18,1804
71,18,1805
72,18,1806
73,18,1807
74,18,1808
75,18,1809
76,18,1810
77,18,1811
78,18,1812
79,18,1813
80,18,1814
81,18,1815
82,18,1816
83,18,1817
84,18,1818
85,18,1819
86,18,1820
87,18,1821
88,18,1822
89,18,1823
90,18,1824
91,18,1825
92,18,1826
93,18,1827
94,18,1828
95,18,1829
96,18,1830
97,18,1831
98,18,1832
99,18,1833
100,18,1834
101,18,1835
102,18,1836
103,18,1837
104,18,1838
105,18,1839
106,18,1840
107,18,1841
108,18,1842
109,18,1843
110,18,1844
111,18,1845
1,19,19
2,19,129
3,19,238
4,19,346
5,19,453
6,19,559
7,19,664
8,19,768
9,19,871
10,19,973
11,19,1074
12,19,1174
13,19,1273
14,19,1371
15,19,1468
16,19,1564
17,19,1659
18,19,1753
19,19,1846
20,19,1847
21,19,1848
22,19,1849
23,19,1850
24,19,1851
25,19,1852
26,19,1853
27,19,1854
28,19,1855
29,19,1856
30,19,1857
31,19,1858
32,19,1859
33,19,1860
34,19,1861
35,19,1862
36,19,1863
37,19,1864
38,19,1865
39,19,1866
40,19,1867
41,19,1868
42,19,1869
43,19,1870
44,19,1871
45,19,1872
46,19,1873
47,19,1874
48,19,1875
49,19,1876
50,19,1877
51,19,1878
52,19,1879
53,19,1880
54,19,1881
55,19,1882
56,19,1883
57,19,1884
58,19,1885
59,19,1886
60,19,1887
61,19,1888
62,19,1889
63,19,1890
64,19,1891
65,19,1892
66,19,1893
67,19,1894
68,19,1895
69,19,1896
70,19,1897
71,19,1898
72,19,1899
73,19,1900
74,19,1901
75,19,1902
76,19,1903
77,19,1904
78,19,1905
79,19,1906
80,19,1907
81,19,1908
82,19,1909
83,19,1910
84,19,1911
85,19,1912
86,19,1913
87,19,1914
88,19,1915
89,19,1916
90,19,1917
91,19,1918
92,19,1919
93,19,1920
94,19,1921
95,19,1922
96,19,1923
97,19,1924
98,19,1925
99,19,1926
100,19,1927
101,19,1928
102,19,1929
103,19,1930
104,19,1931
105,19,1932
106,19,1933
107,19,1934
108,19,1935
109,19,1936
110,19,1937
111,19,1938
1,20,20
2,20,130
3,20,239
4,20,347
5,20,454
6,20,560
7,20,665
8,20,769
9,20,872
10,20,974
11,20,1075
12,20,1175
13,20,1274
14,20,1372
15,20,1469
16,20,1565
17,20,1660
18,20,1754
19,20,1847
20,20,1939
21,20,1940
22,20,1941
23,20,1942
24,20,1943
25,20,1944
26,20,1945
27,20,1946
28,20,1947
29,20,1948
30,20,1949
31,20,1950
32,20,1951
33,20,1952
34,20,1953
35,20,1954
36,20,1955
37,20,1956
38,20,1957
39,20,1958
40,20,1959
41,20,1960
42,20,1961
43,20,1962
44,20,1963
45,20,1964
46,20,1965
47,20,1966
48,20,1967
49,20,1968
50,20,1969
51,20,1970
52,20,1971
53,20,1972
54,20,1973
55,20,1974
56,20,1975
57,20,1976
58,20,1977
59,20,1978
60,20,1979
61,20,1980
62,20,1981
63,20,1982
64,20,1983
65,20,1984
66,20,1985
67,20,1986
68,20,1987
69,20,1988
70,20,1989
71,20,1990
72,20,1991
73,20,1992
74,20,1993
75,20,1994
76,20,1995
77,20,1996
78,20,1997
79,20,1998
80,20,1999
81,20,2000
82,20,2001
83,20,2002
84,20,2003
85,20,2004
86,20,2005
87,20,2006
88,20,2007
89,20,2008
90,20,2009
91,20,2010
92,20,2011
93,20,2012
94,20,2013
95,20,2014
96,20,2015
97,20,2016
98,20,2017
99,20,2018
100,20,2019
101,20,2020
102,20,2021
103,20,2022
104,20,2023
105,20,2024
106,20,2025
107,20,2026
108,20,2027
109,20,2028
110,20,2029
111,20,2030
1,21,21
2,21,131
3,21,240
4,21,348
5,21,455
6,21,561
7,21,666
8,21,770
9,21,873
10,21,975
11,21,1076
12,21,1176
13,21,1275
14,21,1373
15,21,1470
16,21,1566
17,21,1661
18,21,1755
19,21,1848
20,21,1940
21,21,2031
22,21,2032
23,21,2033
24,21,2034
25,21,2035
26,21,2036
27,21,2037
28,21,2038
29,21,2039
30,21,2040
31,21,2041
32,21,2042
33,21,2043
34,21,2044
35,21,2045
36,21,2046
37,21,2047
38,21,2048
39,21,2049
40,21,2050
41,21,2051
42,21,2052
43,21,2053
44,21,2054
45,21,2055
46,21,2056
47,21,2057
48,21,2058
49,21,2059
50,21,2060
51,21,2061
52,21,2062
53,21,2063
54,21,2064
55,21,2065
56,21,2066
57,21,2067
58,21,2068
59,21,2069
60,21,2070
61,21,2071
62,21,2072
63,21,2073
64,21,2074
65,21,2075
66,21,2076
67,21,2077
68,21,2078
69,21,2079
70,21,2080
71,21,2081
72,21,2082
73,21,2083
74,21,2084
75,21,2085
76,21,2086
77,21,2087
78,21,2088
79,21,2089
80,21,2090
81,21,2091
82,21,2092
83,21,2093
84,21,2094
85,21,2095
86,21,2096
87,21,2097
88,21,2098
89,21,2099
90,21,2100
91,21,2101
92,21,2102
93,21,2103
94,21,2104
95,21,2105
96,21,2106
97,21,2107
98,21,2108
99,21,2109
100,21,2110
101,21,2111
102,21,2112
103,21,2113
104,21,2114
105,21,2115
106,21,2116
107,21,2117
108,21,2118
109,21,2119
110,21,2120
111,21,2121
1,22,22
2,22,132
3,22,241
4,22,349
5,22,456
6,22,562
7,22,667
8,22,771
9,22,874
10,22,976
11,22,1077
12,22,1177
13,22,1276
14,22,1374
15,22,1471
16,22,1567
17,22,1662
18,22,1756
19,22,1849
20,22,1941
21,22,2032
22,22,2122
23,22,2123
24,22,2124
25,22,2125
26,22,2126
27,22,2127
28,22,2128
29,22,2129
30,22,2130
31,22,2131
32,22,2132
33,22,2133
34,22,2134
35,22,2135
36,22,2136
37,22,2137
38,22,2138
39,22,2139
40,22,2140
41,22,2141
42,22,2142
43,22,2143
44,22,2144
45,22,2145
46,22,2146
47,22,2147
48,22,2148
49,22,2149
50,22,2150
51,22,2151
52,22,2152
53,22,2153
54,22,2154
55,22,2155
56,22,2156
57,22,2157
58,22,2158
59,22,2159
60,22,2160
61,22,2161
62,22,2162
63,22,2163
64,22,2164
65,22,2165
66,22,2166
67,22,2167
68,22,2168
69,22,2169
70,22,2170
71,22,2171
72,22,2172
73,22,2173
74,22,2174
75,22,2175
76,22,2176
77,22,2177
78,22,2178
79,22,2179
80,22,2180
81,22,2181
82,22,2182
83,22,2183
84,22,2184
85,22,2185
86,22,2186
87,22,2187
88,22,2188
89,22,2189
90,22,2190
91,22,2191
92,22,2192
93,22,2193
94,22,2194
95,22,2195
96,22,2196
97,22,2197
98,22,2198
99,22,2199
100,22,2200
101,22,2201
102,22,2202
103,22,2203
104,22,2204
105,22,2205
106,22,2206
107,22,2207
108,22,2208
109,22,2209
110,22,2210
111,22,2211
1,23,23
2,23,133
3,23,242
4,23,350
5,23,457
6,23,563
7,23,668
8,23,772
9,23,875
10,23,977
11,23,1078
12,23,1178
13,23,1277
14,23,1375
15,23,1472
16,23,1568
17,23,1663
18,23,1757
19,23,1850
20,23,1942
21,23,2033
22,23,2123
23,23,2212
24,23,2213
25,23,2214
26,23,2215
27,23,2216
28,23,2217
29,23,2218
30,23,2219
31,23,2220
32,23,2221
33,23,2222
34,23,2223
35,23,2224
36,23,2225
37,23,2226
38,23,2227
39,23,2228
40,23,2229
41,23,2230
42,23,2231
43,23,2232
44,23,2233
45,23,2234
46,23,2235
47,23,2236
48,23,2237
49,23,2238
50,23,2239
51,23,2240
52,23,2241
53,23,2242
54,23,2243
55,23,2244
56,23,2245
57,23,2246
58,23,2247
59,23,2248
60,23,2249
61,23,2250
62,23,2251
63,23,2252
64,23,2253
65,23,2254
66,23,2255
67,23,2256
68,23,2257
69,23,2258
70,23,2259
71,23,2260
72,23,2261
73,23,2262
74,23,2263
75,23,2264
76,23,2265
77,23,2266
78,23,2267
79,23,2268
80,23,2269
81,23,2270
82,23,2271
83,23,2272
84,23,2273
85,23,2274
86,23,2275
87,23,2276
88,23,2277
89,23,2278
90,23,2279
91,23,2280
92,23,2281
93,23,2282
94,23,2283
95,23,2284
96,23,2285
97,23,2286
98,23,2287
99,23,2288
100,23,2289
101,23,2290
102,23,2291
103,23,2292
104,23,2293
105,23,2294
106,23,2295
107,23,2296
108,23,2297
109,23,2298
110,23,2299
111,23,2300
1,24,24
2,24,134
3,24,243
4,24,351
5,24,458
6,24,564
7,24,669
8,24,773
9,24,876
10,24,978
11,24,1079
12,24,1179
13,24,1278
14,24,1376
15,24,1473
16,24,1569
17,24,1664
18,24,1758
19,24,1851
20,24,1943
21,24,2034
22,24,2124
23,24,2213
24,24,2301
25,24,2302
26,24,2303
27,24,2304
28,24,2305
29,24,2306
30,24,2307
31,24,2308
32,24,2309
33,24,2310
34,24,2311
35,24,2312
36,24,2313
37,24,2314
38,24,2315
39,24,2316
40,24,2317
41,24,2318
42,24,2319
43,24,2320
44,24,2321
45,24,2322
46,24,2323
47,24,2324
48,24,2325
49,24,2326
50,24,2327
51,24,2328
52,24,2329
53,24,2330
54,24,2331
55,24,2332
56,24,2333
57,24,2334
58,24,2335
59,24,2336
60,24,2337
61,24,2338
62,24,2339
63,24,2340
64,24,2341
65,24,2342
66,24,2343
67,24,2344
68,24,2345
69,24,2346
70,24,2347
71,24,2348
72,24,2349
73,24,2350
74,24,2351
75,24,2352
76,24,2353
77,24,2354
78,24,2355
79,24,2356
80,24,2357
81,24,2358
82,24,2359
83,24,2360
84,24,2361
85,24,2362
86,24,2363
87,24,2364
88,24,2365
89,24,2366
90,24,2367
91,24,2368
92,24,2369
93,24,2370
94,24,2371
95,24,2372
96,24,2373
97,24,2374
98,24,2375
99,24,2376
100,24,2377
101,24,2378
102,24,2379
103,24,2380
104,24,2381
105,24,2382
106,24,2383
107,24,2384
108,24,2385
109,24,2386
110,24,2387
111,24,2388
1,25,25
2,25,135
3,25,244
4,25,352
5,25,459
6,25,565
7,25,670
8,25,774
9,25,877
10,25,979
11,25,1080
12,25,1180
13,25,1279
14,25,1377
15,25,1474
16,25,1570
17,25,1665
18,25,1759
19,25,1852
20,25,1944
21,25,2035
22,25,2125
23,25,2214
24,25,2302
25,25,2389
26,25,2390
27,25,2391
28,25,2392
29,25,2393
30,25,2394
31,25,2395
32,25,2396
33,25,2397
34,25,2398
35,25,2399
36,25,2400
37,25,2401
38,25,2402
39,25,2403
40,25,2404
41,25,2405
42,25,2406
43,25,2407
44,25,2408
45,25,2409
46,25,2410
47,25,2411
48,25,2412
49,25,2413
50,25,2414
51,25,2415
52,25,2416
53,25,2417
54,25,2418
55,25,2419
56,25,2420
57,25,2421
58,25,2422
59,25,2423
60,25,2424
61,25,2425
62,25,2426
63,25,2427
64,25,2428
65,25,2429
66,25,2430
67,25,2431
68,25,2432
69,25,2433
70,25,2434
71,25,2435
72,25,2436
73,25,2437
74,25,2438
75,25,2439
76,25,2440
77,25,2441
78,25,2442
79,25,2443
80,25,2444
81,25,2445
82,25,2446
83,25,2447
84,25,2448
85,25,2449
86,25,2450
87,25,2451
88,25,2452
89,25,2453
90,25,2454
91,25,2455
92,25,2456
93,25,2457
94,25,2458
95,25,2459
96,25,2460
97,25,2461
98,25,2462
99,25,2463
100,25,2464
101,25,2465
102,25,2466
103,25,2467
104,25,2468
105,25,2469
106,25,2470
107,25,2471
108,25,2472
109,25,2473
110,25,2474
111,25,2475
1,26,26
2,26,136
3,26,245
4,26,353
5,26,460
6,26,566
7,26,671
8,26,775
9,26,878
10,26,980
11,26,1081
12,26,1181
13,26,1280
14,26,1378
15,26,1475
16,26,1571
17,26,1666
18,26,1760
19,26,1853
20,26,1945
21,26,2036
22,26,2126
23,26,2215
24,26,2303
25,26,2390
26,26,2476
27,26,2477
28,26,2478
29,26,2479
30,26,2480
31,26,2481
32,26,2482
33,26,2483
34,26,2484
35,26,2485
36,26,2486
37,26,2487
38,26,2488
39,26,2489
40,26,2490
41,26,2491
42,26,2492
43,26,2493
44,26,2494
45,26,2495
46,26,2496
47,26,2497
48,26,2498
49,26,2499
50,26,2500
51,26,2501
52,26,2502
53,26,2503
54,26,2504
55,26,2505
56,26,2506
57,26,2507
58,26,2508
59,26,2509
60,26,2510
61,26,2511
62,26,2512
63,26,2513
64,26,2514
65,26,2515
66,26,2516
67,26,2517
68,26,2518
69,26,2519
70,26,2520
71,26,2521
72,26,2522
73,26,2523
74,26,2524
75,26,2525
76,26,2526
77,26,2527
78,26,2528
79,26,2529
80,26,2530
81,26,2531
82,26,2532
83,26,2533
84,26,2534
85,26,2535
86,26,2536
87,26,2537
88,26,2538
89,26,2539
90,26,2540
91,26,2541
92,26,2542
93,26,2543
94,26,2544
95,26,2545
96,26,2546
97,26,2547
98,26,2548
99,26,2549
100,26,2550
101,26,2551
102,26,2552
103,26,2553
104,26,2554
105,26,2555
106,26,2556
107,26,2557
108,26,2558
109,26,2559
110,26,2560
111,26,2561
1,27,27
2,27,137
3,27,246
4,27,354
5,27,461
6,27,567
7,27,672
8,27,776
9,27,879
10,27,981
11,27,1082
12,27,1182
13,27,1281
14,27,1379
15,27,1476
16,27,1572
17,27,1667
18,27,1761
19,27,1854
20,27,1946
21,27,2037
22,27,2127
23,27,2216
24,27,2304
25,27,2391
26,27,2477
27,27,2562
28,27,2563
29,27,2564
30,27,2565
31,27,2566
32,27,2567
33,27,2568
34,27,2569
35,27,2570
36,27,2571
37,27,2572
38,27,2573
39,27,2574
40,27,2575
41,27,2576
42,27,2577
43,27,2578
44,27,2579
45,27,2580
46,27,2581
47,27,2582
48,27,2583
49,27,2584
50,27,2585
51,27,2586
52,27,2587
53,27,2588
54,27,2589
55,27,2590
56,27,2591
57,27,2592
58,27,2593
59,27,2594
60,27,2595
61,27,2596
62,27,2597
63,27,2598
64,27,2599
65,27,2600
66,27,2601
67,27,2602
68,27,2603
69,27,2604
70,27,2605
71,27,2606
72,27,2607
73,27,2608
74,27,2609
75,27,2610
76,27,2611
77,27,2612
78,27,2613
79,27,2614
80,27,2615
81,27,2616
82,27,2617
83,27,2618
84,27,2619
85,27,2620
86,27,2621
87,27,2622
88,27,2623
89,27,2624
90,27,2625
91,27,2626
92,27,2627
93,27,2628
94,27,2629
95,27,2630
96,27,2631
97,27,2632
98,27,2633
99,27,2634
100,27,2635
101,27,2636
102,27,2637
103,27,2638
104,27,2639
105,27,2640
106,27,2641
107,27,2642
108,27,2643
109,27,2644
110,27,2645
111,27,2646
1,28,28
2,28,138
3,28,247
4,28,355
5,28,462
6,28,568
7,28,673
8,28,777
9,28,880
10,28,982
11,28,1083
12,28,1183
13,28,1282
14,28,1380
15,28,1477
16,28,1573
17,28,1668
18,28,1762
19,28,1855
20,28,1947
21,28,2038
22,28,2128
23,28,2217
24,28,2305
25,28,2392
26,28,2478
27,28,2563
28,28,2647
29,28,2648
30,28,2649
31,28,2650
32,28,2651
33,28,2652
34,28,2653
35,28,2654
36,28,2655
37,28,2656
38,28,2657
39,28,2658
40,28,2659
41,28,2660
42,28,2661
43,28,2662
44,28,2663
45,28,2664
46,28,2665
47,28,2666
48,28,2667
49,28,2668
50,28,2669
51,28,2670
52,28,2671
53,28,2672
54,28,2673
55,28,2674
56,28,2675
57,28,2676
58,28,2677
59,28,2678
60,28,2679
61,28,2680
62,28,2681
63,28,2682
64,28,2683
65,28,2684
66,28,2685
67,28,2686
68,28,2687
69,28,2688
70,28,2689
71,28,2690
72,28,2691
73,28,2692
74,28,2693
75,28,2694
76,28,2695
77,28,2696
78,28,2697
79,28,2698
80,28,2699
81,28,2700
82,28,2701
83,28,2702
84,28,2703
85,28,2704
86,28,2705
87,28,2706
88,28,2707
89,28,2708
90,28,2709
91,28,2710
92,28,2711
93,28,2712
94,28,2713
95,28,2714
96,28,2715
97,28,2716
98,28,2717
99,28,2718
100,28,2719
101,28,2720
102,28,2721
103,28,2722
104,28,2723
105,28,2724
106,28,2725
107,28,2726
108,28,2727
109,28,2728
110,28,2729
111,28,2730
1,29,29
2,29,139
3,29,248
4,29,356
5,29,463
6,29,569
7,29,674
8,29,778
9,29,881
10,29,983
11,29,1084
12,29,1184
13,29,1283
14,29,1381
15,29,1478
16,29,1574
17,29,1669
18,29,1763
19,29,1856
20,29,1948
21,29,2039
22,29,2129
23,29,2218
24,29,2306
25,29,2393
26,29,2479
27,29,2564
28,29,2648
29,29,2731
30,29,2732
31,29,2733
32,29,2734
33,29,2735
34,29,2736
35,29,2737
36,29,2738
37,29,2739
38,29,2740
39,29,2741
40,29,2742
41,29,2743
42,29,2744
43,29,2745
44,29,2746
45,29,2747
46,29,2748
47,29,2749
48,29,2750
49,29,2751
50,29,2752
51,29,2753
52,29,2754
53,29,2755
54,29,2756
55,29,2757
56,29,2758
57,29,2759
58,29,2760
59,29,2761
60,29,2762
61,29,2763
62,29,2764
63,29,2765
64,29,2766
65,29,2767
66,29,2768
67,29,2769
68,29,2770
69,29,2771
70,29,2772
71,29,2773
72,29,2774
73,29,2775
74,29,2776
75,29,2777
76,29,2778
77,29,2779
78,29,2780
79,29,2781
80,29,2782
81,29,2783
82,29,2784
83,29,2785
84,29,2786
85,29,2787
86,29,2788
87,29,2789
88,29,2790
89,29,2791
90,29,2792
91,29,2793
92,29,2794
93,29,2795
94,29,2796
95,29,2797
96,29,2798
97,29,2799
98,29,2800
99,29,2801
100,29,2802
101,29,2803
102,29,2804
103,29,2805
104,29,2806
105,29,2807
106,29,2808
107,29,2809
108,29,2810
109,29,2811
110,29,2812
111,29,2813
1,30,30
2,30,140
3,30,249
4,30,357
5,30,464
6,30,570
7,30,675
8,30,779
9,30,882
10,30,984
11,30,1085
12,30,1185
13,30,1284
14,30,1382
15,30,1479
16,30,1575
17,30,1670
18,30,1764
19,30,1857
20,30,1949
21,30,2040
22,30,2130
23,30,2219
24,30,2307
25,30,2394
26,30,2480
27,30,2565
28,30,2649
29,30,2732
30,30,2814
31,30,2815
32,30,2816
33,30,2817
34,30,2818
35,30,2819
36,30,2820
37,30,2821
38,30,2822
39,30,2823
40,30,2824
41,30,2825
42,30,2826
43,30,2827
44,30,2828
45,30,2829
46,30,2830
47,30,2831
48,30,2832
49,30,2833
50,30,2834
51,30,2835
52,30,2836
53,30,2837
54,30,2838
55,30,2839
56,30,2840
57,30,2841
58,30,2842
59,30,2843
60,30,2844
61,30,2845
62,30,2846
63,30,2847
64,30,2848
65,30,2849
66,30,2850
67,30,2851
68,30,2852
69,30,2853
70,30,2854
71,30,2855
72,30,2856
73,30,2857
74,30,2858
75,30,2859
76,30,2860
77,30,2861
78,30,2862
79,30,2863
80,30,2864
81,30,2865
82,30,2866
83,30,2867
84,30,2868
85,30,2869
86,30,2870
87,30,2871
88,30,2872
89,30,2873
90,30,2874
91,30,2875
92,30,2876
93,30,2877
94,30,2878
95,30,2879
96,30,2880
97,30,2881
98,30,2882
99,30,2883
100,30,2884
101,30,2885
102,30,2886
103,30,2887
104,30,2888
105,30,2889
106,30,2890
107,30,2891
108,30,2892
109,30,2893
110,30,2894
111,30,2895
1,31,31
2,31,141
3,31,250
4,31,358
5,31,465
6,31,571
7,31,676
8,31,780
9,31,883
10,31,985
11,31,1086
12,31,1186
13,31,1285
14,31,1383
15,31,1480
16,31,1576
17,31,1671
18,31,1765
19,31,1858
20,31,1950
21,31,2041
22,31,2131
23,31,2220
24,31,2308
25,31,2395
26,31,2481
27,31,2566
28,31,2650
29,31,2733
30,31,2815
31,31,2896
32,31,2897
33,31,2898
34,31,2899
35,31,2900
36,31,2901
37,31,2902
38,31,2903
39,31,2904
40,31,2905
41,31,2906
42,31,2907
43,31,2908
44,31,2909
45,31,2910
46,31,2911
47,31,2912
48,31,2913
49,31,2914
50,31,2915
51,31,2916
52,31,2917
53,31,2918
54,31,2919
55,31,2920
56,31,2921
57,31,2922
58,31,2923
59,31,2924
60,31,2925
61,31,2926
62,31,2927
63,31,2928
64,31,2929
65,31,2930
66,31,2931
67,31,2932
68,31,2933
69,31,2934
70,31,2935
71,31,2936
72,31,2937
73,31,2938
74,31,2939
75,31,2940
76,31,2941
77,31,2942
78,31,2943
79,31,2944
80,31,2945
81,31,2946
82,31,2947
83,31,2948
84,31,2949
85,31,2950
86,31,2951
87,31,2952
88,31,2953
89,31,2954
90,31,2955
91,31,2956
92,31,2957
93,31,2958
94,31,2959
95,31,2960
96,31,2961
97,31,2962
98,31,2963
99,31,2964
100,31,2965
101,31,2966
102,31,2967
103,31,2968
104,31,2969
105,31,2970
106,31,2971
107,31,2972
108,31,2973
109,31,2974
110,31,2975
111,31,2976
1,32,32
2,32,142
3,32,251
4,32,359
5,32,466
6,32,572
7,32,677
8,32,781
9,32,884
10,32,986
11,32,1087
12,32,1187
13,32,1286
14,32,1384
15,32,1481
16,32,1577
17,32,1672
18,32,1766
19,32,1859
20,32,1951
21,32,2042
22,32,2132
23,32,2221
24,32,2309
25,32,2396
26,32,2482
27,32,2567
28,32,2651
29,32,2734
30,32,2816
31,32,2897
32,32,2977
33,32,2978
34,32,2979
35,32,2980
36,32,2981
37,32,2982
38,32,2983
39,32,2984
40,32,2985
41,32,2986
42,32,2987
43,32,2988
44,32,2989
45,32,2990
46,32,2991
47,32,2992
48,32,2993
49,32,2994
50,32,2995
51,32,2996
52,32,2997
53,32,2998
54,32,2999
55,32,3000
56,32,3001
57,32,3002
58,32,3003
59,32,3004
60,32,3005
61,32,3006
62,32,3007
63,32,3008
64,32,3009
65,32,3010
66,32,3011
67,32,3012
68,32,3013
69,32,3014
70,32,3015
71,32,3016
72,32,3017
73,32,3018
74,32,3019
75,32,3020
76,32,3021
77,32,3022
78,32,3023
79,32,3024
80,32,3025
81,32,3026
82,32,3027
83,32,3028
84,32,3029
85,32,3030
86,32,3031
87,32,3032
88,32,3033
89,32,3034
90,32,3035
91,32,3036
92,32,3037
93,32,3038
94,32,3039
95,32,3040
96,32,3041
97,32,3042
98,32,3043
99,32,3044
100,32,3045
101,32,3046
102,32,3047
103,32,3048
104,32,3049
105,32,3050
106,32,3051
107,32,3052
108,32,3053
109,32,3054
110,32,3055
111,32,3056
1,33,33
2,33,143
3,33,252
4,33,360
5,33,467
6,33,573
7,33,678
8,33,782
9,33,885
10,33,987
11,33,1088
12,33,1188
13,33,1287
14,33,1385
15,33,1482
16,33,1578
17,33,1673
18,33,1767
19,33,1860
20,33,1952
21,33,2043
22,33,2133
23,33,2222
24,33,2310
25,33,2397
26,33,2483
27,33,2568
28,33,2652
29,33,2735
30,33,2817
31,33,2898
32,33,2978
33,33,3057
34,33,3058
35,33,3059
36,33,3060
37,33,3061
38,33,3062
39,33,3063
40,33,3064
41,33,3065
42,33,3066
43,33,3067
44,33,3068
45,33,3069
46,33,3070
47,33,3071
48,33,3072
49,33,3073
50,33,3074
51,33,3075
52,33,3076
53,33,3077
54,33,3078
55,33,3079
56,33,3080
57,33,3081
58,33,3082
59,33,3083
60,33,3084
61,33,3085
62,33,3086
63,33,3087
64,33,3088
65,33,3089
66,33,3090
67,33,3091
68,33,3092
69,33,3093
70,33,3094
71,33,3095
72,33,3096
73,33,3097
74,33,3098
75,33,3099
76,33,3100
77,33,3101
78,33,3102
79,33,3103
80,33,3104
81,33,3105
82,33,3106
83,33,3107
84,33,3108
85,33,3109
86,33,3110
87,33,3111
88,33,3112
89,33,3113
90,33,3114
91,33,3115
92,33,3116
93,33,3117
94,33,3118
95,33,3119
96,33,3120
97,33,3121
98,33,3122
99,33,3123
100,33,3124
101,33,3125
102,33,3126
103,33,3127
104,33,3128
105,33,3129
106,33,3130
107,33,3131
108,33,3132
109,33,3133
110,33,3134
111,33,3135
1,34,34
2,34,144
3,34,253
4,34,361
5,34,468
6,34,574
7,34,679
8,34,783
9,34,886
10,34,988
11,34,1089
12,34,1189
13,34,1288
14,34,1386
15,34,1483
16,34,1579
17,34,1674
18,34,1768
19,34,1861
20,34,1953
21,34,2044
22,34,2134
23,34,2223
24,34,2311
25,34,2398
26,34,2484
27,34,2569
28,34,2653
29,34,2736
30,34,2818
31,34,2899
32,34,2979
33,34,3058
34,34,3136
35,34,3137
36,34,3138
37,34,3139
38,34,3140
39,34,3141
40,34,3142
41,34,3143
42,34,3144
43,34,3145
44,34,3146
45,34,3147
46,34,3148
47,34,3149
48,34,3150
49,34,3151
50,34,3152
51,34,3153
52,34,3154
53,34,3155
54,34,3156
55,34,3157
56,34,3158
57,34,3159
58,34,3160
59,34,3161
60,34,3162
61,34,3163
62,34,3164
63,34,3165
64,34,3166
65,34,3167
66,34,3168
67,34,3169
68,34,3170
69,34,3171
70,34,3172
71,34,3173
72,34,3174
73,34,3175
74,34,3176
75,34,3177
76,34,3178
77,34,3179
78,34,3180
79,34,3181
80,34,3182
81,34,3183
82,34,3184
83,34,3185
84,34,3186
85,34,3187
86,34,3188
87,34,3189
88,34,3190
89,34,3191
90,34,3192
91,34,3193
92,34,3194
93,34,3195
94,34,3196
95,34,3197
96,34,3198
97,34,3199
98,34,3200
99,34,3201
100,34,3202
101,34,3203
102,34,3204
103,34,3205
104,34,3206
105,34,3207
106,34,3208
107,34,3209
108,34,3210
109,34,3211
110,34,3212
111,34,3213
1,35,35
2,35,145
3,35,254
4,35,362
5,35,469
6,35,575
7,35,680
8,35,784
9,35,887
10,35,989
11,35,1090
12,35,1190
13,35,1289
14,35,1387
15,35,1484
16,35,1580
17,35,1675
18,35,1769
19,35,1862
20,35,1954
21,35,2045
22,35,2135
23,35,2224
24,35,2312
25,35,2399
26,35,2485
27,35,2570
28,35,2654
29,35,2737
30,35,2819
31,35,2900
32,35,2980
33,35,3059
34,35,3137
35,35,3214
36,35,3215
37,35,3216
38,35,3217
39,35,3218
40,35,3219
41,35,3220
42,35,3221
43,35,3222
44,35,3223
45,35,3224
46,35,3225
47,35,3226
48,35,3227
49,35,3228
50,35,3229
51,35,3230
52,35,3231
53,35,3232
54,35,3233
55,35,3234
56,35,3235
57,35,3236
58,35,3237
59,35,3238
60,35,3239
61,35,3240
62,35,3241
63,35,3242
64,35,3243
65,35,3244
66,35,3245
67,35,3246
68,35,3247
69,35,3248
70,35,3249
71,35,3250
72,35,3251
73,35,3252
74,35,3253
